38714
834599
748243
97799
537338
286887
778601
789347
472460
218646
262023
264735
11979
638232
326120
13642
64230
207515
189169
859445
757703
539275
72438
548187
528087
147399
873567
147985
196475
826530
457321
903744
384459
205182
524988
629043
472256
162632
682666
401685
778906
267518
196224
482296
58419
351842
241892
24926
710600
69768
575333
790072
884487
181565
599531
411920
645287
108894
858755
257093
483912
397499
776170
579611
376035
786007
134059
197291
930604
376087
935067
180392
263713
651118
644426
400703
398816
332367
572724
894909
78688
510971
405930
48673
40544
511690
106361
186820
781930
50047
998539
928071
611646
809508
62063
202154
381787
226421
450242
569005
921300
90121
400731
463234
232567
161743
559493
534106
533900
400683
23678
445734
756908
616323
939997
859189
671413
708889
476479
135801
488645
493352
283428
196092
992398
698031
170810
358830
452958
141171
171924
920130
901831
1912
917486
648800
808550
579945
74394
158405
944382
506424
11615
228528
545795
217701
646793
83550
253304
126449
875244
730469
69944
452978
673543
32861
418277
429359
673083
409587
345651
965070
754791
240036
926507
21349
74344
635836
537042
106835
381077
885144
562739
810682
214677
317064
588970
471190
375668
423578
457760
368632
226158
771700
536808
257303
178338
363275
397112
259966
251368
253189
33157
800942
4014
562659
160456
515139
343468
944285
847813
190992
134086
525917
246001
437621
114768
194117
20644
373936
834261
440234
439247
779918
722740
482219
466887
30761
87213
165594
382374
625094
301912
324949
667836
205852
721238
273165
465342
648071
510236
620069
577838
390559
122529
656748
974435
6592
273384
335328
171847
752871
935225
840321
768641
863708
428983
556794
393457
878967
765124
103729
403376
573287
785639
825051
201515
34868
77306
98391
775911
168743
744060
200308
958304
732189
776790
641145
167672
687776
841975
392765
660213
275095
974843
634628
512985
799748
74554
789468
236135
338065
405621
753944
27533
644823
955794
221345
966852
645870
836112
686595
29709
389837
412705
523224
527538
457418
523370
423275
445414
456646
800616
455451
489393
557757
576919
93180
369956
805779
448199
289639
492283
169268
483415
394961
678333
345498
590283
937852
797820
656330
788070
145955
356590
851995
989268
264918
495643
589818
150312
6054
758583
51812
721314
445588
681349
678998
620528
688658
898137
65541
73471
662983
387718
109418
722454
863227
700478
965512
479183
613764
530778
530587
470857
343808
894164
905573
767356
64610
3942
717642
59050
481483
482407
537768
302733
555857
326177
168696
946961
671465
676916
997552
909934
335070
240855
144611
70338
257276
510546
81325
526557
866213
567051
570270
19120
14083
374831
914448
531149
450424
229014
66156
753262
323083
135439
150372
388312
511154
682924
280071
947215
560282
690840
801662
331427
52863
564802
437968
877403
981672
495185
95100
133216
362313
82323
1915
499630
626921
995703
270539
724329
432668
421232
603535
84458
194662
291451
201642
287274
259006
912437
780008
239520
480937
704228
286865
795108
379518
500792
117092
936959
523765
612837
548649
119167
245080
264460
910347
276609
952164
856182
46980
445872
200243
535845
238184
322487
252543
855086
892808
291082
108200
220606
111575
278859
874344
427535
220733
580450
731028
686862
370317
825632
713937
695557
423940
360282
501438
94916
515589
603249
74771
354115
219220
294193
725954
515992
653193
998677
724873
386612
791734
742604
202372
102437
943621
653004
579395
172364
82812
76314
440382
413314
804778
135620
623261
456736
645943
77034
111162
123081
398498
450935
434070
703921
836001
577905
203619
774216
801732
653526
811743
286528
542928
831878
778186
936500
957553
987062
662311
814675
598201
702236
209094
971649
12085
498874
185025
177027
314073
679346
368493
37991
289780
317829
169804
853816
65907
89975
575019
293814
759251
374379
469398
423459
199601
829824
265793
555363
946063
171951
874002
381654
655314
91995
830199
200531
524598
735643
57279
460556
568771
4968
965409
666184
498620
275073
828374
12737
866331
3810
747320
951423
356710
465697
414925
662554
884674
889968
217150
184337
184985
312628
913298
507204
233602
611985
904718
444211
669381
496071
344698
132146
756675
226569
159109
724153
506494
238454
870460
932044
216090
62835
777912
150007
670854
565211
120263
72953
245162
645339
506525
420377
740308
416225
492521
193448
743473
844444
253508
810011
87514
214392
106846
420265
537489
662713
719629
451543
413412
412216
320216
330427
797539
468293
382249
417530
178621
412435
134223
230020
752441
939936
312262
887310
864339
352792
263565
636789
450509
74560
880154
374591
474639
662915
808680
531838
181139
164802
838375
464319
302225
24335
636084
291501
894646
458867
530447
927420
348570
466897
760406
432002
402818
760501
513
684028
509859
108356
99586
901289
791541
501616
780416
107203
84809
711653
134888
191855
102945
227649
630363
855267
515908
422404
699076
531710
504672
143588
781069
750430
742237
695498
88083
818222
188523
259332
973443
379002
835287
829005
42881
50510
279676
413432
298271
43366
161435
851056
267452
849157
89498
192896
867994
578483
12983
337728
424618
290620
248454
813812
243844
97518
180012
662631
775753
185689
435422
798847
121690
522714
653461
262243
914604
340391
467897
985208
633384
691901
909020
699493
705905
981909
649639
442751
558509
799167
992276
434233
150595
477314
631384
282512
288644
925971
353895
201675
44201
686150
827099
769759
661803
109194
619979
333051
86590
440402
597016
159850
184300
592651
227160
267636
664567
303315
169970
633219
493946
217595
601800
664919
748220
69012
781092
363993
130342
190466
878651
899835
323978
650155
61088
166563
710361
115852
787062
187763
320624
511335
375577
694988
578083
966849
540999
445600
753082
348301
723933
841780
9820
949203
90667
902535
178088
555509
134077
676614
102399
12543
653828
517323
165177
785664
604939
697358
260072
163170
724636
947196
662556
550818
187487
108496
707959
526436
418326
616965
902004
987093
413741
271986
887714
450092
191784
333306
188076
524397
258070
894656
641255
965852
286712
473622
294462
694973
210065
491428
874551
283289
748658
153211
963804
661192
194681
179716
233807
581660
319237
857526
494611
281894
71553
300264
378961
790655
780438
581742
402551
853568
477132
648648
691524
212081
61979
450870
992625
108127
859586
509209
563184
335296
34490
376646
70339
613690
260366
29756
348272
899904
486805
282123
546526
70832
119380
243331
121315
821010
992802
136538
893652
360198
935188
935936
140522
122010
142729
173828
792680
389083
958976
573747
668025
921386
532596
411348
920688
379352
203585
187307
774994
816193
74096
436081
42905
961824
156181
174404
187263
358241
842200
383589
930121
146324
684892
709793
786576
764046
599016
671729
851570
763494
453704
165489
388845
102306
19834
681768
759039
362395
189282
869058
105911
610060
222566
12842
952121
180244
720879
192099
269363
327692
216529
762914
151213
430447
656265
500362
687632
927870
437268
500264
730041
847340
166163
547946
402271
836048
42951
336875
936353
553437
910912
536813
1058
417951
175161
332920
257873
795379
675567
555558
931570
265117
678013
268966
778871
353682
675322
329421
198622
35487
743879
844136
697545
428449
926112
323759
557169
433333
843430
365330
940790
151089
786096
297664
154311
660578
793043
61001
785146
876932
861489
193477
798206
859662
736837
948028
253920
875228
520431
432492
131610
961326
289082
720167
348442
156444
224949
618912
398821
169888
324668
829126
452286
663913
165863
915536
903421
77822
438230
293278
348710
604435
770442
633932
181213
825743
237203
849474
807136
118850
405829
700331
359857
738251
775038
615950
980043
283791
486471
902992
717046
997124
430345
189051
990737
618696
466515
319671
470994
406514
372695
306856
983841
152693
229957
43129
397936
192266
473986
494572
985081
681664
680931
281294
938088
624267
682309
409436
300
625859
122396
752607
984866
20448
661763
938329
479084
297959
759661
129475
987707
150436
539182
873467
870
25968
396688
230303
885568
33283
617316
366677
688550
463121
687173
410582
890757
590169
986282
479756
137825
722014
915337
456083
426199
492640
557702
886002
367332
603665
197454
829838
276714
705240
146248
792049
209386
839039
434898
341567
800848
847830
835555
465309
548112
871676
705403
894683
600347
382946
414699
993031
339906
284903
237827
699221
699220
991882
113807
323547
929340
713581
615201
204899
947449
652091
41634
447375
748647
60982
803405
161410
555491
129959
693367
674302
291143
853213
410064
550309
897892
577397
697581
121886
504944
960290
842894
558854
13759
970046
950983
110064
697304
524332
63934
596547
352422
886689
847868
384980
903920
593309
204867
742502
426190
330734
135320
806159
901402
264397
744993
711422
31345
520217
586002
344324
933809
885773
2929
625040
489487
13899
452871
158942
861248
749264
643239
891630
283512
529187
320478
466471
296937
601059
225801
46475
804644
988652
119360
974489
632921
844504
838907
236177
673741
509940
634926
545447
943423
662850
407451
871403
422439
692341
770974
983359
745851
165519
922531
848705
897405
411185
475415
924494
900929
99471
555056
500647
537814
271274
965260
386871
246716
411936
664304
772597
279888
548743
588811
895971
683946
84962
380175
175322
250859
952163
835112
994231
704893
300419
236287
723631
599083
801792
938976
325335
615078
56059
739080
160434
490658
389463
158791
8799
830470
847204
619244
990091
379186
167863
607850
835342
3762
68538
746035
145256
429514
101607
104036
261528
128249
556397
264731
176501
960158
380755
439108
685471
481363
834457
506115
757125
11589
624605
863692
430355
63748
34872
82540
55241
72773
863145
786224
614011
549702
832375
818804
372840
956596
274864
590746
613777
151494
896553
422635
668244
906001
462020
866985
358814
656545
623046
20597
203231
883159
313550
288197
327980
118875
373064
473777
824117
399688
685957
590640
761305
495040
926263
114000
864861
128312
785329
304093
822234
387727
949684
362333
177319
621360
575418
916427
43851
391594
230076
328948
318858
701829
284657
133212
979590
758925
975337
376966
245655
80792
718206
751182
244289
284543
132006
990503
888074
69138
196373
362050
978296
437207
798271
277246
457059
827420
103415
948170
226965
583619
168432
506371
263232
755057
477489
19743
110802
842504
959118
710639
104684
669513
565450
286576
169069
863860
578516
890165
374464
511479
48041
994968
609643
582345
180463
927701
339630
458091
176835
679844
724208
607424
824153
624232
233057
894320
388905
873815
873246
562673
839623
213633
729004
468147
69010
307599
409135
673727
932106
296598
590638
989030
288280
924469
618332
667743
221841
294701
9359
727300
628884
646670
649840
295215
135938
991633
105379
86952
153379
785890
362722
170268
433573
968377
354297
230701
379269
978428
90357
472606
957259
188417
854870
618998
964358
247152
841840
678218
140118
201953
367496
465628
451679
608646
85618
949603
239243
894805
161546
922029
441239
213327
566308
869640
783768
476651
358360
260966
489254
682623
578438
904278
547835
274378
577668
897959
336458
197664
908027
163643
515696
966206
609792
4527
269749
65819
83775
787410
58001
188930
678370
117616
581643
82550
437011
229082
515834
58946
8435
194129
675786
494667
958258
103900
812952
342430
790551
409761
916017
598437
300345
617205
590293
641991
270569
572869
683704
194574
562921
357500
435486
964666
976236
840809
560682
769926
949205
906474
979201
129652
932933
334942
130146
920031
243904
812962
898224
643402
599572
603372
824949
452870
719379
817970
584272
935142
575660
669388
5326
349726
671953
734083
4546
722464
271914
54499
16904
748280
351689
16325
38475
870148
777143
439019
12521
11139
269430
565576
282821
301905
259917
487373
233098
365562
846832
598082
180855
688112
502510
521241
593028
335806
727209
970746
899489
748676
154841
992910
856015
321227
886000
388914
671
271295
504137
591589
987517
382527
574374
886254
858347
805488
806893
737011
773544
601238
775988
555664
405086
853243
20690
173728
455538
661842
487264
736281
822430
728958
968117
974855
184107
698009
127540
681268
353399
393786
403256
971866
934458
924167
779592
2869
769555
260647
446690
562533
831597
740337
341617
898529
807870
387931
429347
543985
843387
21698
710379
806141
368909
97628
60986
204573
71394
742525
337230
179808
800389
274393
736723
672987
138820
947739
797116
596240
198946
943598
33700
833468
90442
481028
184029
586961
319551
642995
781347
234899
397564
787200
736959
23834
552695
704474
711899
37856
260339
370062
775696
950171
177738
804695
695892
948150
370432
45600
911178
439485
665949
760507
4450
962417
439270
486230
594496
730004
194821
504971
846012
949378
292225
869105
765443
328623
310193
659027
222742
129313
274438
141766
939567
462635
191910
212571
680022
563949
452775
237601
159175
789602
321241
89563
75956
919326
317453
824226
305467
349560
142265
545028
693745
867234
78612
817693
92858
979929
414533
664351
285971
105729
501417
882863
821973
106175
116138
310683
330920
627577
843976
292504
119406
277165
860637
204651
407319
632233
17394
931942
89235
384316
611808
574481
280597
107198
508037
814137
853621
258641
193921
704920
708899
225403
103141
100517
409890
907184
140763
426813
903260
340830
428937
46911
348228
902772
441756
693940
445383
286739
496081
145175
340634
430853
848282
13597
669817
360592
553772
603600
58724
494642
856744
284626
823458
33790
214435
265319
413716
501678
586493
160237
762361
591232
636350
949252
499157
383992
812066
699562
894505
539
101218
741373
587725
696128
245490
948765
215111
876910
596426
628636
968966
879141
917256
118931
765792
734421
655019
565108
902520
589781
801300
268688
922736
495705
216209
778708
297949
21760
718814
977704
188982
352978
135841
843055
215734
264452
954155
85235
673539
319030
210577
975540
715799
351319
406820
583206
766892
228828
156358
790416
389841
888731
593928
804963
524203
526779
824075
735157
454954
521415
621670
554317
431854
180067
197986
929513
133183
811451
782948
699763
966239
143748
153608
920489
62783
935684
919985
786294
543150
340631
722468
956638
106142
352363
30095
560113
353901
421797
899769
551368
840680
959027
22482
435022
17303
610256
212872
393708
855182
650500
300238
166496
352898
840918
505512
54210
682613
493612
928521
254649
217400
643157
869371
1731
906595
978261
395277
129633
725399
622138
790512
39417
268461
624312
973349
230991
807838
175396
250203
329384
44834
514601
879584
645809
505164
185595
807945
851149
141300
897113
786741
283230
110953
141628
264462
165882
591060
438681
916823
821558
802225
502090
711246
861549
409421
716339
150618
22609
877191
445362
714168
623656
211906
348642
515228
368806
640952
494911
46942
950304
479239
540630
11767
7073
947998
678830
938075
182203
394500
814624
424132
974816
969254
462532
733180
348525
127757
596766
615409
315153
890381
502304
499103
390429
702783
54747
984838
935672
143716
514113
933503
140026
7434
325737
918438
130480
810791
300472
778001
153545
401059
312165
160407
157755
788491
539940
781616
383035
41510
726876
750524
656118
482501
932151
426590
598950
493245
884742
539512
456182
319785
125026
652505
441655
423484
721240
353040
938706
82819
669635
758628
387396
812473
563370
727999
365824
56206
106757
240384
305140
27947
566224
69416
657791
941621
928929
222946
797190
609079
890775
515555
733043
167994
322289
515507
166955
303661
635714
414819
353708
417330
63594
461249
887630
979315
866563
237977
191490
525409
714000
186473
564338
126273
432952
72745
704574
609051
143254
443818
359195
22332
431098
522430
775086
425164
48653
942130
279584
777736
155538
626824
867583
909374
65769
376451
491473
370058
555197
168959
386344
488055
590720
499490
625038
726385
604333
600389
179281
274909
147663
951758
346225
676878
266992
867071
568291
417760
558996
45276
207441
254600
3648
822300
440045
901137
320794
378992
614892
132562
985808
93056
45457
180905
866577
526886
713622
635791
477954
45726
453903
719618
753976
879244
666106
993611
286667
189849
654944
141770
938724
714911
334052
926731
846779
876673
341046
891648
14688
507268
229230
215557
105487
23694
740392
364552
542641
338130
588694
891650
416925
315590
318157
361296
909686
221743
310543
378541
561196
898663
57
909411
408128
636826
241707
558764
53324
638530
358493
471556
445868
878948
714587
66600
274867
852677
517920
768443
952358
532214
990627
215844
753598
687263
272904
558034
619188
986938
291036
476990
963709
472528
627926
652307
737397
555417
795787
18261
36632
996847
719564
735498
243501
894653
372217
624746
668056
129712
997131
631598
338850
142702
17302
694772
217878
603784
485743
50864
772662
698495
736018
429978
441810
104132
706571
943143
201544
977915
233938
503482
665877
803009
522595
806804
538434
796917
527206
68248
864258
357727
660100
521399
626772
261245
110268
894471
174447
869360
146511
753932
159700
748713
554820
239749
3495
572178
233504
731187
218866
198308
439467
712998
690112
449686
610029
833959
291496
442515
192444
785697
967955
62347
390990
319065
563842
583759
358354
848873
980293
511289
498088
280990
490146
651366
343347
909269
567496
372717
125762
104728
270991
971260
619173
99002
457133
963363
775027
543713
57324
696729
920147
917617
7310
224231
653304
249241
712137
258740
332703
595903
570728
499571
520828
997863
145492
457176
957975
681282
411255
321947
564085
815057
980461
853679
218652
750112
761700
267193
374011
622238
408918
667406
984475
964704
422485
922235
523318
533730
4954
692462
546930
59008
266430
861215
383290
816404
28567
806601
24963
514773
598079
973991
89779
108663
342770
554071
981686
873644
802535
299743
219284
191557
887257
370907
83888
179674
747635
651461
448274
833209
835976
864161
539864
785849
900886
771040
670217
365013
713349
342757
861588
978723
152400
929107
482682
877507
742962
764835
609004
623558
107206
978625
868535
717324
458365
864682
557240
879484
588543
352358
51681
184887
512276
129307
392600
637889
625942
374203
528838
491463
603549
279777
545540
423836
991562
922745
988992
239770
168433
875938
832983
724917
827626
481909
152320
712953
839587
985262
699783
445090
824238
992681
28346
605103
184721
407591
237761
557618
714583
399818
952675
772481
762552
551982
575096
181203
61343
450689
934769
834709
314059
49665
677401
352514
898613
508501
337232
341989
186604
511072
668327
892672
706871
92009
182802
855711
265418
618180
147414
33689
207128
599784
840699
207145
849517
464885
655501
679196
892603
436751
10479
395597
496927
722685
307996
743356
817425
36691
722313
175390
44580
732339
2352
449275
364122
971981
85850
513299
666240
714714
480851
19024
357510
377294
769027
105705
758429
623227
731545
827743
785194
420623
643509
266470
390759
10539
579388
891556
141964
935708
41087
66262
797483
233113
76297
692947
701946
21908
476764
732305
464325
394320
76223
573531
749120
581649
221233
80114
915869
156604
268646
170293
919471
312079
114485
601336
553597
650178
505298
528995
806918
49700
690670
315813
444122
916726
624194
585137
604011
806010
610650
376755
783646
982360
17821
11784
900867
786935
55989
867486
46089
525600
607187
364235
399422
981605
459803
711035
883498
965503
720821
180482
660715
801618
340506
989406
748230
41099
210455
937373
541738
391668
545309
963224
217818
192082
165296
411775
750024
587059
532905
311987
625158
276740
803710
762064
808871
240158
398750
279896
233258
466299
137307
523167
208116
741719
702196
864798
115219
492964
115157
899400
735066
647486
504490
561521
446595
132012
887801
493666
141339
847363
460087
593116
310909
524025
788305
413818
632203
225724
510946
726674
700847
614314
686499
119754
588071
795406
984487
913764
179314
59018
277105
195309
373609
323449
261895
672300
168927
414527
698648
457694
765433
428240
207016
841670
585861
444411
123328
143610
308498
21253
607375
527374
182256
543723
784327
318817
419601
252251
399930
475240
898352
626364
125435
833714
273406
159039
670046
749837
541132
545325
846575
262537
38220
367857
745013
350068
520134
524795
428171
519670
826262
324593
998912
611341
649737
888270
821699
815555
492034
668554
651265
200081
355467
437894
205890
796163
77511
232167
562068
924771
282014
403700
584367
619295
241165
911308
12788
160490
736690
870844
67249
5690
250884
455863
856127
549350
998275
468181
316895
134751
759696
74793
658121
850343
874689
313977
161071
834647
342831
681103
836356
690282
712632
896296
808364
389318
948273
303277
49140
174231
286368
677912
223655
700263
691872
42680
341484
424788
316930
278810
553108
927948
448893
915575
290804
47378
288194
186945
933567
670728
454699
771119
959847
21340
412940
889915
76772
614813
71345
527583
53614
653190
497394
147040
552811
281208
71573
677253
315052
985825
618467
902307
582085
612634
691186
752913
82879
58650
861136
550209
36563
518972
153741
807954
825172
132124
679162
127202
834597
283539
100060
461729
142883
172790
273614
27170
126685
598266
759772
31020
49214
696333
401872